75
77
82
100
101
122
129
136
147
150
154
160
167
187
216
231
283
369
385
399
426
436
451
454
471
487
501
504
524
532
542
555
585
592
610
640
666
672
677
721
733
739
740
755
759
765
808
822
869
871
892
905
913
926
943
949
959
984
1009
1010
1015
1017
1068
1077
1095
1099
1104
1107
1114
1125
1126
1167
1180
1190
1192
1244
1272
1281
1287
1297
1306
1322
1331
1346
1380
1399
1454
1486
1507
1528
1529
1550
1588
1596
1604
1616
1633
1636
1649
1671
1672
1674
1675
1681
1696
1713
1716
1726
1753
1758
1789
1812
1844
1855
1862
1935
1945
1987
2050
2058
2059
2063
2064
2068
2072
2094
2099
2123
2124
2138
2139
2151
2194
2196
2199
2208
2270
2305
2310
2341
2382
2400
2456
2475
2477
2504
2512
2513
2527
2548
2566
2588
2607
2616
2619
2620
2621
2626
2635
2664
2676
2679
2681
2702
2705
2707
2722
2725
2748
2753
2768
2801
2804
2805
2809
2816
2828
2837
2865
2866
2867
2868
2869
2881
2882
2888
2896
2899
2903
2904
2905
2906
2924
2940
2954
2970
2975
2977
2989
2990
2998
2999
3000
3010
3013
3042
3053
3084
3127
3141
3145
3169
3170
3198
3290
3292
3317
3318
3323
3334
3374
3387
3423
3435
3457
3466
3483
3499
3512
3521
3530
3539
3543
3552
3570
3573
3575
3576
3578
3579
3580
3588
3599
3603
3611
3628
3647
3654
3675
3689
3690
3694
3702
3716
3717
3726
3752
3774
3837
3869
3871
3881
3917
3954
3955
3957
3965
3993
4004
4005
4006
4031
4058
4071
4072
4080
4089
4110
4137
4141
4149
4176
4258
4331
4333
4372
4377
4378
4474
4484
4504
4651
4652
4670
4671
4675
4679
4686
4687
4721
4740
4778
4779
4818
4821
4844
4849
4925
4942
4949
4962
5000
5030
5016
5068
5080
5111
5113
5116
5166
5176
5213
5216
5226
5288
5290
5355
5393
5394
5419
5423
5435
5447
5470
5472
5503
5518
5571
5580
5585
5594
5598
5619
5636
5637
5692
5706
5713
5765
5778
5779
5787
5807
5850
5851
5863
5866
5879
5897
5901
5952
5973
5974
5997
6035
6036
6041
6065
6077
6158 
6218
6271
6342
6374
6392
6462
6572
6613
6614
6632
6645
6697
6728
6733
6736
6807
6819
6827
6908
6911
6934
6959
6973
7015
7075 
7119
7155
7270
7326
7375
7378
7381
7423
7486
7499
7500 
7565
7574
7576
7593
7642
7666
7704
7713
7752
7778
7791
7831
7846
7862
7922
7933
7937
7955
7979
8045 
8107
8192
8224
8272
8280
8313
8324
8404
8501
8506
8520
8597
8711
8720
8728
8729
8772
8802
8907
8932
8962
9005
873
939
942
1217
1677
2702
2828 
3272
3386
3469
3717
4204
4427
4949
5317
5772
5906
6372
